0.1,0.2,0.3,0.4,0.5,0.6,0.7,0.8,0.9,1.0
primary (FIB,LIN,LIN_AFF,SYS)
111088,36994,21599,15008,11449,9297,7857,6685,5847,5157
1.60876,5.41492,9.89276,14.17484,18.63732,22.90656,27.28764,31.85316,36.29004,40.46524
0.8308,2.7039,5.5263,8.4361,13.7371,18.6068,21.941,28.4329,31.6809,35.157
106.93,358.56,646.33,958.03,1245.15,1533.96,1827.75,2097.05,2369.01,2741.05
secondary (FIB,LIN,LIN_AFF,SYS)
161852,35897,22663,17277,13709,11642,9903,8514,7411,6714
1.0232,1.92912,2.866,3.77704,4.71736,5.7184,6.66152,7.5672,8.53688,9.47656
1.0212,1.8825,2.7758,3.6568,4.7049,5.5579,6.4775,7.3757,8.2631,9.183
95.61,198.48,335.84,356.24,565.19,566.52,705.75,957.96,960.56,1168.66